dates,Open,High,Low,Close,Volume,OpenInt,TotalOpenInt
2010-07-06,0.0,424.0,424.0,424.0,0.0,0.0,1103963.0
2010-07-07,0.0,431.5,431.5,431.5,0.0,0.0,1100697.0
2010-07-08,0.0,437.25,437.25,437.25,0.0,0.0,1100987.0
2010-07-09,0.0,436.25,436.25,436.25,0.0,0.0,1113690.0
2010-07-12,0.0,433.75,433.75,433.75,0.0,0.0,1121856.0
2010-07-13,0.0,432.5,432.5,432.5,0.0,0.0,1119447.0
2010-07-14,0.0,438.5,438.5,438.5,0.0,0.0,1118799.0
2010-07-15,0.0,446.0,446.0,446.0,0.0,0.0,1128987.0
2010-07-16,0.0,443.25,443.25,443.25,0.0,0.0,1163602.0
2010-07-19,0.0,438.75,438.75,438.75,0.0,0.0,1169797.0
2010-07-20,0.0,439.5,439.5,439.5,0.0,0.0,1173224.0
2010-07-21,0.0,442.25,442.25,442.25,0.0,0.0,1179328.0
2010-07-22,0.0,439.25,439.25,439.25,0.0,0.0,1187774.0
2010-07-23,0.0,436.0,436.0,436.0,0.0,0.0,1204077.0
2010-07-26,0.0,435.0,435.0,435.0,0.0,0.0,1203578.0
2010-07-27,0.0,434.0,434.0,434.0,0.0,0.0,1217250.0
2010-07-28,0.0,443.25,443.25,443.25,0.0,0.0,1218786.0
2010-07-29,0.0,447.0,447.0,447.0,0.0,0.0,1217546.0
2010-07-30,0.0,448.0,448.0,448.0,0.0,0.0,1215550.0
2010-08-02,0.0,443.75,443.75,443.75,0.0,0.0,1224623.0
2010-08-03,0.0,441.0,441.0,441.0,0.0,0.0,1246775.0
2010-08-04,0.0,448.0,448.0,448.0,0.0,0.0,1244110.0
2010-08-05,0.0,440.0,440.0,440.0,0.0,0.0,1261010.0
2010-08-06,0.0,446.0,446.0,446.0,0.0,0.0,1305004.0
2010-08-09,0.0,443.0,443.0,443.0,0.0,0.0,1303362.0
2010-08-10,0.0,435.5,435.5,435.5,0.0,0.0,1304889.0
2010-08-11,0.0,433.0,433.0,433.0,0.0,0.0,1296608.0
2010-08-12,0.0,437.75,437.75,437.75,0.0,0.0,1295383.0
2010-08-13,0.0,445.25,445.25,445.25,0.0,0.0,1325077.0
2010-08-16,0.0,440.0,440.0,440.0,0.0,0.0,1328667.0
2010-08-17,0.0,444.5,444.5,444.5,0.0,0.0,1331219.0
2010-08-18,0.0,442.75,442.75,442.75,0.0,0.0,1342763.0
2010-08-19,0.0,436.75,436.75,436.75,0.0,0.0,1357711.0
2010-08-20,0.0,447.25,447.25,447.25,0.0,0.0,1352534.0
2010-08-23,0.0,448.25,448.25,448.25,0.0,0.0,1369908.0
2010-08-24,0.0,441.5,441.5,441.5,0.0,0.0,1374411.0
2010-08-25,0.0,442.25,442.25,442.25,0.0,0.0,1347805.0
2010-08-26,444.5,446.75,444.5,446.75,0.0,0.0,1350656.0
2010-08-27,0.0,445.5,445.5,445.5,1.0,1.0,1370261.0
2010-08-30,0.0,449.75,449.75,449.75,0.0,1.0,1345050.0
2010-08-31,0.0,451.25,451.25,451.25,0.0,1.0,1346171.0
2010-09-01,0.0,454.75,454.75,454.75,0.0,1.0,1339412.0
2010-09-02,0.0,455.75,455.75,455.75,0.0,1.0,1342298.0
2010-09-03,0.0,462.5,462.5,462.5,0.0,1.0,1345903.0
2010-09-06,0.0,462.5,462.5,462.5,0.0,0.0,0.0
2010-09-07,0.0,455.25,455.25,455.25,0.0,1.0,1379988.0
2010-09-08,0.0,454.75,454.75,454.75,0.0,1.0,1381016.0
2010-09-09,0.0,463.25,463.25,463.25,0.0,1.0,1372643.0
2010-09-10,0.0,462.25,462.25,462.25,0.0,1.0,1375869.0
2010-09-13,0.0,459.0,459.0,459.0,0.0,1.0,1380633.0
2010-09-14,0.0,466.0,466.0,466.0,0.0,1.0,1361503.0
2010-09-15,0.0,470.0,470.0,470.0,0.0,1.0,1374552.0
2010-09-16,0.0,468.5,468.5,468.5,0.0,1.0,1379961.0
2010-09-17,0.0,469.75,469.75,469.75,0.0,1.0,1390229.0
2010-09-20,475.0,475.0,468.25,468.25,0.0,1.0,1412474.0
2010-09-21,0.0,468.75,468.75,468.75,1.0,2.0,1422858.0
2010-09-22,0.0,469.5,469.5,469.5,0.0,2.0,1441646.0
2010-09-23,0.0,464.75,464.75,464.75,0.0,2.0,1448009.0
2010-09-24,0.0,475.75,475.75,475.75,0.0,2.0,1452428.0
2010-09-27,473.0,473.0,467.25,467.25,0.0,2.0,1453270.0
2010-09-28,0.0,462.75,462.75,462.75,1.0,2.0,1452871.0
2010-09-29,0.0,474.0,474.0,474.0,0.0,2.0,1449581.0
2010-09-30,0.0,477.25,477.25,477.25,0.0,2.0,1452657.0
2010-10-01,0.0,467.75,467.75,467.75,0.0,2.0,1451414.0
2010-10-04,0.0,473.25,473.25,473.25,0.0,2.0,1447310.0
2010-10-05,0.0,479.0,479.0,479.0,0.0,2.0,1439438.0
2010-10-06,0.0,476.25,476.25,476.25,0.0,2.0,1439868.0
2010-10-07,0.0,483.0,483.0,483.0,0.0,2.0,1433142.0
2010-10-08,0.0,497.5,491.25,497.5,0.0,2.0,1431144.0
2010-10-11,0.0,495.5,495.5,495.5,0.0,2.0,1424619.0
2010-10-12,0.0,502.0,502.0,502.0,0.0,2.0,1459987.0
2010-10-13,502.0,502.0,499.25,499.25,0.0,2.0,1475534.0
2010-10-14,0.0,506.0,506.0,506.0,2.0,4.0,1475226.0
2010-10-15,505.0,505.0,500.0,500.0,0.0,4.0,1483836.0
2010-10-18,0.0,507.75,507.75,507.75,6.0,6.0,1502016.0
2010-10-19,0.0,504.25,504.25,504.25,0.0,6.0,1511885.0
2010-10-20,0.0,526.25,526.25,526.25,0.0,6.0,1530657.0
2010-10-21,0.0,522.25,522.25,522.25,0.0,6.0,1555364.0
2010-10-22,0.0,519.5,519.5,519.5,0.0,6.0,1565254.0
2010-10-25,0.0,531.25,531.25,531.25,0.0,6.0,1564517.0
2010-10-26,525.0,530.75,525.0,530.75,0.0,6.0,1580662.0
2010-10-27,0.0,534.25,534.25,534.25,3.0,9.0,1580990.0
2010-10-28,525.0,534.5,525.0,534.5,0.0,9.0,1588551.0
2010-10-29,0.0,532.75,532.75,532.75,14.0,23.0,1605365.0
2010-11-01,530.0,530.0,528.75,528.75,8.0,31.0,1611121.0
2010-11-02,0.0,534.75,534.75,534.75,6.0,27.0,1619741.0
2010-11-03,0.0,536.5,536.5,536.5,0.0,27.0,1618198.0
2010-11-04,535.0,540.25,535.0,540.25,0.0,27.0,1621939.0
2010-11-05,0.0,541.75,541.75,541.75,7.0,28.0,1645839.0
2010-11-08,0.0,533.0,533.0,533.0,7.0,28.0,1643123.0
2010-11-09,0.0,529.25,529.25,529.25,0.0,28.0,1661389.0
2010-11-10,0.0,524.25,524.25,524.25,0.0,28.0,1674250.0
2010-11-11,0.0,509.75,509.75,509.75,0.0,28.0,1664935.0
2010-11-12,0.0,480.0,480.0,480.0,0.0,28.0,1660411.0
2010-11-15,0.0,489.75,489.75,489.75,0.0,28.0,1653108.0
2010-11-16,0.0,477.0,477.0,477.0,2.0,27.0,1643679.0
2010-11-17,0.0,492.25,492.25,492.25,0.0,27.0,1632201.0
2010-11-18,0.0,505.5,505.5,505.5,0.0,27.0,1641314.0
2010-11-19,0.0,491.0,491.0,491.0,0.0,27.0,1653059.0
2010-11-22,0.0,483.75,483.75,483.75,0.0,27.0,1668010.0
2010-11-23,0.0,495.75,495.75,495.75,0.0,27.0,1648935.0
2010-11-24,0.0,508.75,508.75,508.75,0.0,27.0,1630025.0
2010-11-25,0.0,508.75,508.75,508.75,0.0,0.0,0.0
2010-11-26,500.0,507.75,500.0,507.75,0.0,27.0,1619307.0
2010-11-29,0.0,509.0,509.0,509.0,1.0,28.0,1576323.0
2010-11-30,0.0,502.5,502.5,502.5,0.0,28.0,1528470.0
2010-12-01,0.0,524.25,524.25,524.25,0.0,28.0,1518147.0
2010-12-02,0.0,514.0,514.0,514.0,0.0,28.0,1514003.0
2010-12-03,0.0,523.75,523.75,523.75,0.0,28.0,1508340.0
2010-12-06,0.0,518.0,518.0,518.0,0.0,28.0,1503690.0
2010-12-07,0.0,513.25,513.25,513.25,0.0,28.0,1491637.0
2010-12-08,0.0,519.0,519.0,519.0,0.0,28.0,1489861.0
2010-12-09,0.0,512.75,512.75,512.75,0.0,28.0,1484531.0
2010-12-10,0.0,510.75,510.75,510.75,0.0,28.0,1491606.0
2010-12-13,0.0,519.0,519.0,519.0,0.0,28.0,1487549.0
2010-12-14,0.0,514.75,514.75,514.75,0.0,28.0,1494883.0
2010-12-15,0.0,512.25,512.25,512.25,0.0,28.0,1489795.0
2010-12-16,0.0,516.5,516.5,516.5,0.0,28.0,1492855.0
2010-12-17,0.0,525.5,525.5,525.5,0.0,28.0,1496879.0
2010-12-20,0.0,525.75,525.75,525.75,0.0,28.0,1504473.0
2010-12-21,0.0,529.75,529.75,529.75,0.0,28.0,1516013.0
2010-12-22,0.0,530.5,530.5,530.5,0.0,28.0,1518419.0
2010-12-23,530.0,532.25,530.0,532.25,0.0,28.0,1525690.0
2010-12-24,530.0,532.25,530.0,532.25,0.0,0.0,0.0
2010-12-27,0.0,527.5,527.5,527.5,2.0,30.0,1535906.0
2010-12-28,0.0,533.75,533.75,533.75,0.0,30.0,1534679.0
2010-12-29,0.0,534.0,534.0,534.0,0.0,30.0,1542446.0
2010-12-30,0.0,529.25,529.25,529.25,0.0,30.0,1542930.0
2010-12-31,0.0,534.0,534.0,534.0,0.0,30.0,1537366.0
2011-01-03,0.0,525.5,525.5,525.5,0.0,30.0,1549228.0
2011-01-04,0.0,523.5,523.5,523.5,0.0,30.0,1552174.0
2011-01-05,0.0,545.5,545.5,545.5,0.0,30.0,1546154.0
2011-01-06,0.0,532.0,532.0,532.0,0.0,30.0,1556129.0
2011-01-07,0.0,529.0,529.0,529.0,0.0,30.0,1572241.0
2011-01-10,0.0,530.0,530.0,530.0,0.0,30.0,1551168.0
2011-01-11,0.0,530.0,530.0,530.0,0.0,30.0,1550491.0
2011-01-12,0.0,530.0,530.0,530.0,0.0,30.0,1553650.0
2011-01-13,0.0,538.5,538.5,538.5,1.0,31.0,1578444.0
2011-01-14,0.0,540.75,540.75,540.75,0.0,31.0,1588975.0
2011-01-17,0.0,540.75,540.75,540.75,0.0,0.0,0.0
2011-01-18,0.0,543.5,543.5,543.5,0.0,31.0,1596366.0
2011-01-19,0.0,536.75,536.75,536.75,0.0,31.0,1610187.0
2011-01-20,0.0,543.5,543.5,543.5,0.0,31.0,1610024.0
2011-01-21,0.0,550.25,550.25,550.25,0.0,31.0,1614047.0
2011-01-24,0.0,551.25,551.25,551.25,0.0,31.0,1623828.0
2011-01-25,0.0,545.5,545.5,545.5,0.0,33.0,1628475.0
2011-01-26,0.0,553.75,553.75,553.75,0.0,33.0,1623750.0
2011-01-27,0.0,547.75,547.75,547.75,0.0,33.0,1628371.0
2011-01-28,0.0,540.5,540.5,540.5,0.0,33.0,1634286.0
2011-01-31,0.0,551.25,551.25,551.25,0.0,33.0,1639347.0
2011-02-01,0.0,559.0,559.0,559.0,0.0,33.0,1654469.0
2011-02-02,0.0,555.25,555.25,555.25,0.0,33.0,1669114.0
2011-02-03,0.0,547.75,547.75,547.75,0.0,33.0,1687206.0
2011-02-04,0.0,561.5,561.5,561.5,0.0,33.0,1689681.0
2011-02-07,0.0,559.0,559.0,559.0,0.0,33.0,1695836.0
2011-02-08,0.0,565.5,565.5,565.5,0.0,33.0,1695404.0
2011-02-09,555.0,566.0,549.0,566.0,0.0,33.0,1690124.0
2011-02-10,0.0,569.5,569.5,569.5,4.0,37.0,1711423.0
2011-02-11,0.0,568.25,568.25,568.25,0.0,37.0,1719729.0
2011-02-14,0.0,559.5,559.5,559.5,0.0,37.0,1721406.0
2011-02-15,0.0,545.5,545.5,545.5,0.0,37.0,1725098.0
2011-02-16,0.0,547.0,547.0,547.0,2.0,37.0,1719874.0
2011-02-17,0.0,560.25,560.25,560.25,0.0,37.0,1723051.0
2011-02-18,0.0,553.5,553.5,553.5,0.0,37.0,1745258.0
2011-02-21,0.0,553.5,553.5,553.5,0.0,0.0,0.0
2011-02-22,530.0,530.0,527.5,527.5,0.0,37.0,1728923.0
2011-02-23,530.0,534.25,530.0,534.25,1.0,38.0,1712939.0
2011-02-24,0.0,526.5,526.5,526.5,1.0,39.0,1667098.0
2011-02-25,525.0,538.75,525.0,538.75,0.0,39.0,1659379.0
2011-02-28,0.0,540.75,540.75,540.75,1.0,40.0,1651178.0
2011-03-01,0.0,535.25,535.25,535.25,0.0,40.0,1643459.0
2011-03-02,537.0,539.5,529.25,539.5,0.0,40.0,1647635.0
2011-03-03,0.0,555.75,555.75,555.75,2.0,40.0,1646492.0
2011-03-04,0.0,559.75,559.75,559.75,0.0,40.0,1648363.0
2011-03-07,0.0,564.5,564.5,564.5,0.0,40.0,1648244.0
2011-03-08,0.0,566.5,566.5,566.5,0.0,40.0,1631538.0
2011-03-09,0.0,566.5,566.5,566.5,0.0,40.0,1627775.0
2011-03-10,0.0,548.25,548.25,548.25,0.0,40.0,1625207.0
2011-03-11,548.0,550.75,548.0,550.75,0.0,40.0,1634156.0
2011-03-14,0.0,555.0,555.0,555.0,1.0,41.0,1633117.0
2011-03-15,0.0,527.0,527.0,527.0,0.0,41.0,1622535.0
2011-03-16,543.0,543.0,530.25,530.25,0.0,41.0,1613794.0
2011-03-17,550.0,558.5,550.0,558.5,2.0,41.0,1593406.0
2011-03-18,560.0,563.5,560.0,563.5,2.0,42.0,1586877.0
2011-03-21,0.0,575.5,575.5,575.5,1.0,43.0,1576873.0
2011-03-22,0.0,577.75,577.75,577.75,0.0,43.0,1580941.0
2011-03-23,0.0,575.75,575.75,575.75,0.0,43.0,1570517.0
2011-03-24,0.0,586.75,586.75,586.75,0.0,43.0,1571055.0
2011-03-25,0.0,574.5,574.5,574.5,0.0,43.0,1567240.0
2011-03-28,0.0,567.75,567.75,567.75,0.0,43.0,1566990.0
2011-03-29,0.0,575.25,575.25,575.25,0.0,43.0,1551287.0
2011-03-30,572.0,572.0,567.25,567.25,0.0,43.0,1533099.0
2011-03-31,0.0,594.5,594.5,594.5,2.0,43.0,1534710.0
2011-04-01,0.0,587.0,587.0,587.0,0.0,43.0,1562097.0
2011-04-04,0.0,587.25,587.25,587.25,0.0,43.0,1598125.0
2011-04-05,0.0,587.75,587.75,587.75,0.0,43.0,1618884.0
2011-04-06,0.0,586.5,586.5,586.5,0.0,43.0,1618508.0
2011-04-07,0.0,585.25,585.25,585.25,0.0,43.0,1631127.0
2011-04-08,0.0,595.0,595.0,595.0,2.0,43.0,1636355.0
2011-04-11,0.0,597.75,597.75,597.75,0.0,43.0,1657393.0
2011-04-12,0.0,582.5,582.5,582.5,0.0,43.0,1669432.0
2011-04-13,0.0,601.5,601.5,601.5,0.0,43.0,1659868.0
2011-04-14,600.0,603.0,600.0,603.0,0.0,43.0,1646488.0
2011-04-15,0.0,598.5,598.5,598.5,3.0,46.0,1636459.0
2011-04-18,604.25,605.75,604.25,605.75,0.0,46.0,1627665.0
2011-04-19,0.0,604.0,604.0,604.0,1.0,45.0,1637914.0
2011-04-20,602.75,602.75,595.5,595.5,0.0,45.0,1650391.0
2011-04-21,0.0,609.5,609.5,609.5,10.0,48.0,1647573.0
2011-04-22,0.0,609.5,609.5,609.5,0.0,0.0,0.0
2011-04-25,0.0,613.0,613.0,613.0,0.0,48.0,1631763.0
2011-04-26,0.0,609.75,609.75,609.75,0.0,48.0,1612141.0
2011-04-27,0.0,604.75,604.75,604.75,1.0,49.0,1592732.0
2011-04-28,602.0,605.5,585.0,585.0,0.0,49.0,1552607.0
2011-04-29,0.0,602.5,602.5,602.5,9.0,52.0,1522749.0
2011-05-02,0.0,605.75,605.75,605.75,0.0,52.0,1503973.0
2011-05-03,0.0,602.25,602.25,602.25,0.0,52.0,1496704.0
2011-05-04,0.0,603.25,603.25,603.25,0.0,52.0,1492619.0
2011-05-05,0.0,597.75,597.75,597.75,0.0,52.0,627.0
2011-05-06,0.0,584.25,584.25,584.25,0.0,52.0,1479541.0
2011-05-09,0.0,601.5,601.5,601.5,0.0,52.0,1462118.0
2011-05-10,0.0,600.75,600.75,600.75,0.0,52.0,1457358.0
2011-05-11,599.0,599.0,580.0,580.0,0.0,52.0,1445978.0
2011-05-12,0.0,589.5,589.5,589.5,50.0,68.0,1437382.0
2011-05-13,590.0,590.0,589.0,589.0,0.0,68.0,1433288.0
2011-05-16,589.0,589.5,589.0,589.5,1.0,68.0,1423202.0
2011-05-17,0.0,607.75,607.75,607.75,2.0,70.0,1415587.0
2011-05-18,0.0,608.75,608.75,608.75,2.0,70.0,1421487.0
2011-05-19,610.0,610.0,604.0,604.0,0.0,70.0,1419248.0
2011-05-20,0.0,608.5,608.5,608.5,1.0,70.0,1417993.0
2011-05-23,0.0,608.5,608.5,608.5,0.0,70.0,1413568.0
2011-05-24,0.0,604.5,604.5,604.5,1.0,70.0,1409459.0
2011-05-25,0.0,611.75,611.75,611.75,0.0,70.0,1405435.0
2011-05-26,0.0,610.25,610.25,610.25,0.0,70.0,1417063.0
2011-05-27,0.0,612.0,612.0,612.0,0.0,70.0,1425521.0
2011-05-30,0.0,612.0,612.0,612.0,0.0,0.0,0.0
2011-05-31,0.0,603.25,603.25,603.25,0.0,70.0,1437449.0
2011-06-01,0.0,608.5,608.5,608.5,0.0,70.0,1435358.0
2011-06-02,0.0,616.5,616.5,616.5,0.0,70.0,1441858.0
2011-06-03,615.0,615.25,611.5,615.25,0.0,70.0,1461231.0
2011-06-06,0.0,607.0,607.0,607.0,2.0,70.0,1454173.0
2011-06-07,0.0,614.5,614.5,614.5,0.0,70.0,1455580.0
2011-06-08,0.0,629.25,629.25,629.25,0.0,70.0,1451151.0
2011-06-09,625.0,639.5,625.0,639.5,0.0,70.0,1451815.0
2011-06-10,0.0,635.0,635.0,635.0,40.0,82.0,1464074.0
2011-06-13,623.0,628.5,622.75,628.5,0.0,82.0,1471840.0
2011-06-14,623.0,625.0,619.0,619.0,2.0,83.0,1492159.0
2011-06-15,615.0,615.0,606.5,606.5,28.0,88.0,1482562.0
2011-06-16,0.0,598.5,598.5,598.5,5.0,90.0,1459909.0
2011-06-17,0.0,600.0,600.0,600.0,3.0,92.0,1447577.0
2011-06-20,0.0,610.0,610.0,610.0,0.0,92.0,1432021.0
2011-06-22,0.0,604.25,604.25,604.25,0.0,92.0,1415226.0
2011-06-23,0.0,602.0,602.0,602.0,0.0,92.0,1394491.0
2011-06-24,0.0,602.0,602.0,602.0,0.0,92.0,1393022.0
2011-06-27,0.0,596.5,596.5,596.5,0.0,92.0,1360092.0
2011-06-28,0.0,615.0,615.0,615.0,0.0,92.0,1283251.0
2011-06-29,613.25,617.0,613.25,617.0,0.0,92.0,1251853.0
2011-06-30,0.0,593.0,593.0,593.0,1.0,92.0,1228849.0
2011-07-01,597.5,600.0,595.0,595.5,0.0,92.0,1218013.0
2011-07-04,597.5,600.0,595.0,595.5,0.0,0.0,0.0
2011-07-05,0.0,605.75,605.75,605.75,40.0,105.0,1208896.0
2011-07-06,0.0,609.5,609.5,609.5,0.0,105.0,1200847.0
2011-07-07,0.0,603.75,603.75,603.75,0.0,105.0,1190223.0
2011-07-08,0.0,613.0,613.0,613.0,0.0,105.0,1185584.0
2011-07-11,610.0,611.5,610.0,611.5,0.0,105.0,1180722.0
2011-07-12,0.0,621.0,621.0,621.0,2.0,104.0,1180392.0
2011-07-13,624.0,625.25,624.0,625.25,0.0,104.0,1188188.0
2011-07-14,612.0,614.5,612.0,614.5,1.0,104.0,1185910.0
2011-07-15,0.0,610.25,610.25,610.25,20.0,110.0,1190770.0
2011-07-18,0.0,610.25,610.25,610.25,0.0,110.0,1187057.0
2011-07-19,0.0,608.5,608.5,608.5,0.0,110.0,1191055.0
2011-07-20,0.0,602.75,602.75,602.75,0.0,110.0,1196994.0
2011-07-21,0.0,606.0,606.0,606.0,0.0,110.0,1202949.0
2011-07-22,0.0,613.5,613.5,613.5,0.0,110.0,1208401.0
2011-07-25,0.0,611.75,611.75,611.75,0.0,110.0,1207846.0
2011-07-26,0.0,622.75,622.75,622.75,0.0,110.0,1203897.0
2011-07-27,620.0,632.0,620.0,632.0,0.0,110.0,1203373.0
2011-07-28,630.0,630.0,627.25,627.25,31.0,120.0,1206789.0
2011-07-29,0.0,617.25,617.25,617.25,2.0,117.0,1205773.0
2011-08-01,0.0,628.75,628.75,628.75,0.0,117.0,1208612.0
2011-08-02,0.0,634.75,634.75,634.75,0.0,117.0,1218424.0
2011-08-03,0.0,638.5,638.5,638.5,8.0,117.0,1234630.0
2011-08-04,627.75,629.5,627.75,629.5,0.0,117.0,1238351.0
2011-08-05,0.0,631.0,631.0,631.0,1.0,116.0,1243139.0
2011-08-08,0.0,613.0,613.0,613.0,0.0,116.0,1248447.0
2011-08-09,0.0,623.0,618.75,618.75,0.0,116.0,1237403.0
2011-08-10,0.0,612.0,612.0,612.0,0.0,116.0,1226344.0
2011-08-11,0.0,626.0,626.0,626.0,0.0,116.0,1221241.0
2011-08-12,0.0,628.5,628.5,628.5,0.0,116.0,1235477.0
2011-08-15,0.0,628.75,628.75,628.75,0.0,116.0,1237682.0
2011-08-16,0.0,633.25,633.25,633.25,0.0,116.0,1246313.0
2011-08-17,0.0,630.0,630.0,630.0,0.0,116.0,1245187.0
2011-08-18,0.0,620.0,620.0,620.0,48.0,119.0,1253369.0
2011-08-19,0.0,626.75,626.75,626.75,10.0,124.0,1247637.0
2011-08-22,0.0,639.5,639.5,639.5,0.0,124.0,1249618.0
2011-08-23,0.0,641.5,641.5,641.5,0.0,124.0,1260428.0
2011-08-24,0.0,631.75,631.75,631.75,0.0,124.0,1265224.0
2011-08-25,0.0,630.0,630.0,630.0,0.0,124.0,1264739.0
2011-08-26,0.0,633.25,633.25,633.25,0.0,124.0,1268762.0
2011-08-29,635.0,635.0,634.5,634.5,1.0,125.0,1268185.0
2011-08-31,640.0,640.0,633.0,633.0,2.0,126.0,1237201.0
2011-09-01,0.0,618.75,618.75,618.75,1.0,126.0,1228406.0
2011-09-02,0.0,625.0,625.0,625.0,0.0,126.0,1231782.0
2011-09-05,0.0,625.0,625.0,625.0,0.0,0.0,0.0
2011-09-06,0.0,629.75,629.75,629.75,0.0,126.0,1237126.0
2011-09-07,0.0,629.25,629.25,629.25,0.0,126.0,1239567.0
2011-09-08,626.0,627.0,626.0,627.0,0.0,126.0,1234512.0
2011-09-09,0.0,623.5,623.5,623.5,7.0,126.0,1224262.0
2011-09-12,0.0,624.0,624.0,624.0,0.0,126.0,1225938.0
2011-09-14,0.0,614.75,614.75,614.75,1.0,127.0,1213565.0
2011-09-15,0.0,600.0,600.0,600.0,0.0,127.0,1226416.0
2011-09-16,0.0,597.0,597.0,597.0,0.0,127.0,1223571.0
2011-09-19,0.0,590.75,590.75,590.75,0.0,127.0,1215951.0
2011-09-20,0.0,593.75,593.75,593.75,0.0,127.0,1212789.0
2011-09-21,600.25,601.0,598.25,598.25,0.0,127.0,1211617.0
2011-09-23,581.0,583.0,567.5,567.5,0.0,127.0,1203641.0
2011-09-26,0.0,574.0,574.0,574.0,3.0,127.0,1202493.0
2011-09-27,585.0,589.25,585.0,589.25,0.0,127.0,1194923.0
2011-09-28,0.0,574.25,574.25,574.25,7.0,125.0,1194151.0
2011-09-29,573.5,580.0,573.5,579.5,0.0,125.0,1188049.0
2011-09-30,0.0,571.25,571.25,571.25,10.0,123.0,1187480.0
2011-10-03,0.0,571.5,571.5,571.5,0.0,123.0,1201833.0
2011-10-04,0.0,570.75,570.75,570.75,0.0,123.0,1206590.0
2011-10-05,578.5,581.0,576.0,581.0,0.0,123.0,1202658.0
2011-10-06,0.0,583.0,583.0,583.0,109.0,155.0,1201799.0
2011-10-07,583.0,583.0,577.5,577.5,0.0,155.0,1210729.0
2011-10-10,0.0,583.25,583.25,583.25,40.0,175.0,1212695.0
2011-10-11,0.0,607.0,607.0,607.0,7.0,178.0,1210088.0
2011-10-12,0.0,602.25,602.25,602.25,0.0,178.0,1194779.0
2011-10-13,0.0,599.75,599.75,599.75,0.0,178.0,1202111.0
2011-10-14,0.0,606.5,606.5,606.5,7.0,176.0,1214983.0
2011-10-17,604.25,604.25,604.0,604.25,0.0,176.0,1233996.0
2011-10-18,0.0,599.75,599.75,599.75,10.0,176.0,1233213.0
2011-10-19,0.0,594.5,594.5,594.5,0.0,176.0,1237330.0
2011-10-20,0.0,600.25,600.25,600.25,0.0,176.0,1232470.0
2011-10-21,0.0,601.5,601.5,601.5,0.0,176.0,1236630.0
2011-10-24,0.0,603.75,603.75,603.75,16.0,184.0,1236034.0
2011-10-25,605.0,606.0,605.0,606.0,0.0,184.0,1229239.0
2011-10-26,600.0,600.5,600.0,600.5,30.0,189.0,1220762.0
2011-10-27,0.0,610.25,610.25,610.25,31.0,191.0,1223806.0
2011-10-28,0.0,613.0,613.0,613.0,6.0,192.0,1225143.0
2011-10-31,0.0,604.5,604.5,604.5,0.0,192.0,1231570.0
2011-11-01,0.0,612.75,612.75,612.75,0.0,0.0,0.0
2011-11-02,0.0,608.0,608.0,608.0,0.0,194.0,1231823.0
2011-11-03,0.0,612.75,612.75,612.75,0.0,194.0,1229148.0
2011-11-04,0.0,611.75,611.75,611.75,0.0,194.0,1239735.0
2011-11-07,0.0,615.0,615.0,615.0,0.0,189.0,1217936.0
2011-11-08,613.0,613.0,607.0,611.75,1.0,190.0,1250157.0
2011-11-09,0.0,599.0,596.5,599.0,3.0,192.0,1267573.0
2011-11-10,0.0,593.0,593.0,593.0,3.0,195.0,1296476.0
2011-11-11,0.0,585.5,585.5,585.5,0.0,195.0,1310791.0
2011-11-14,583.0,583.0,582.0,582.0,0.0,195.0,1315638.0
2011-11-15,0.0,591.5,591.5,591.5,1.0,200.0,1319195.0
2011-11-16,0.0,589.25,589.25,589.25,0.0,200.0,1318578.0
2011-11-17,0.0,571.25,571.25,571.25,0.0,200.0,1320908.0
2011-11-18,0.0,568.5,568.5,568.5,1.0,200.0,1328780.0
2011-11-21,0.0,568.5,568.5,568.5,0.0,200.0,1322868.0
2011-11-22,566.25,570.25,566.0,570.25,0.0,200.0,1318773.0
2011-11-23,570.0,570.0,569.5,569.5,3.0,200.0,1298708.0
2011-11-24,570.0,570.0,569.5,569.5,0.0,0.0,0.0
2011-11-25,0.0,562.25,562.25,562.25,2.0,200.0,1270382.0
2011-11-28,567.75,572.5,567.75,572.5,0.0,200.0,1268774.0
2011-11-29,0.0,574.0,574.0,574.0,15.0,205.0,1201006.0
2011-11-30,0.0,576.0,576.0,576.0,0.0,205.0,1156941.0
2011-12-01,580.0,580.25,579.0,580.25,0.0,205.0,1154141.0
2011-12-02,0.0,575.25,575.25,575.25,5.0,208.0,1148763.0
2011-12-05,0.0,578.75,578.75,578.75,0.0,208.0,1146241.0
2011-12-06,575.0,578.25,575.0,578.25,0.0,208.0,1146889.0
2011-12-07,0.0,573.25,573.25,573.25,11.0,213.0,1146906.0
2011-12-08,0.0,581.75,581.75,581.75,4.0,210.0,1146285.0
2011-12-09,0.0,574.0,574.0,574.0,0.0,210.0,1149137.0
2011-12-12,0.0,569.0,569.0,569.0,0.0,210.0,1154415.0
2011-12-13,575.0,575.75,575.0,575.75,0.0,210.0,1159173.0
2011-12-14,0.0,565.5,565.5,565.5,1.0,210.0,1166153.0
2011-12-15,0.0,566.25,566.25,566.25,4.0,209.0,1169860.0
2011-12-16,0.0,569.5,569.5,569.5,0.0,209.0,1167592.0
2011-12-19,572.5,573.0,572.5,573.0,0.0,209.0,1173738.0
2011-12-20,0.0,580.0,580.0,580.0,1.0,209.0,1164379.0
2011-12-21,0.0,582.25,582.25,582.25,2.0,209.0,1165318.0
2011-12-22,0.0,576.5,576.5,576.5,0.0,209.0,1168258.0
2011-12-26,0.0,577.0,577.0,577.0,0.0,0.0,0.0
2011-12-27,583.0,583.0,582.0,582.0,0.0,209.0,1158975.0
2011-12-28,584.75,586.5,584.75,586.5,1.0,210.0,1153976.0
2011-12-29,0.0,588.0,588.0,588.0,1.0,210.0,1147739.0
2011-12-30,588.0,588.0,585.75,585.75,1.0,210.0,1143324.0
2012-01-02,588.0,588.0,585.75,585.75,0.0,0.0,0.0
2012-01-03,590.5,592.0,587.5,592.0,15.0,214.0,1151024.0
2012-01-04,0.0,591.75,591.75,591.75,11.0,213.0,1176008.0
2012-01-05,0.0,579.75,579.75,579.75,0.0,213.0,1182195.0
2012-01-06,0.0,574.75,574.75,574.75,0.0,213.0,1193378.0
2012-01-09,0.0,582.5,582.5,582.5,0.0,213.0,1204637.0
2012-01-10,0.0,583.75,583.75,583.75,2.0,213.0,1212550.0
2012-01-11,582.0,582.5,578.5,578.5,0.0,213.0,1211479.0
2012-01-12,0.0,570.5,570.5,570.5,12.0,218.0,1211908.0
2012-01-13,0.0,568.25,568.25,568.25,1.0,219.0,1200821.0
2012-01-16,0.0,568.25,568.25,568.25,0.0,0.0,0.0
2012-01-17,0.0,569.5,569.5,569.5,1.0,218.0,1209478.0
2012-01-18,567.0,567.0,562.75,562.75,0.0,218.0,1205420.0
2012-01-19,0.0,569.0,569.0,569.0,3.0,218.0,1208616.0
2012-01-20,0.0,565.75,565.75,565.75,0.0,218.0,1211205.0
2012-01-23,0.0,570.25,570.25,570.25,0.0,218.0,1211669.0
2012-01-24,571.5,573.5,571.5,573.5,0.0,218.0,1219617.0
2012-01-25,0.0,571.0,571.0,571.0,2.0,218.0,1214460.0
2012-01-26,0.0,575.0,575.0,575.0,0.0,218.0,1211599.0
2012-01-27,580.0,581.0,580.0,581.0,0.0,218.0,1221911.0
2012-01-30,0.0,574.75,574.75,574.75,3.0,218.0,1223943.0
2012-01-31,0.0,578.0,578.0,578.0,0.0,218.0,1224528.0
2012-02-01,580.0,583.75,580.0,583.75,0.0,218.0,1235541.0
2012-02-02,0.0,583.0,583.0,583.0,5.0,218.0,1244700.0
2012-02-03,580.0,583.75,580.0,583.75,0.0,218.0,1245936.0
2012-02-06,578.25,582.5,577.0,582.5,5.0,218.0,1253743.0
2012-02-07,580.0,580.0,579.25,579.25,62.0,231.0,1278116.0
2012-02-08,574.0,576.25,574.0,576.25,1.0,232.0,1278727.0
2012-02-09,0.0,575.5,575.5,575.5,1.0,232.0,1273915.0
2012-02-10,0.0,572.5,572.5,572.5,1.0,233.0,1281159.0
2012-02-13,575.0,575.75,575.0,575.75,6.0,239.0,1285617.0
2012-02-14,0.0,575.0,575.0,575.0,4.0,240.0,1301392.0
2012-02-15,0.0,568.0,568.0,568.0,0.0,240.0,1315896.0
2012-02-16,0.0,572.25,572.25,572.25,0.0,240.0,1321273.0
2012-02-17,0.0,572.5,572.5,572.5,0.0,240.0,1313647.0
2012-02-20,0.0,572.5,572.5,572.5,0.0,0.0,0.0
2012-02-21,0.0,568.75,568.75,568.75,5.0,238.0,1318232.0
2012-02-22,0.0,569.5,569.5,569.5,10.0,235.0,1312512.0
2012-02-24,0.0,568.5,568.5,568.5,15.0,233.0,1324925.0
2012-02-27,570.0,570.0,568.25,568.25,5.0,233.0,1301115.0
2012-02-28,570.5,575.0,570.5,573.5,26.0,238.0,1282366.0
2012-02-29,570.25,577.5,570.0,577.5,85.0,273.0,1281619.0
2012-03-01,576.0,577.25,576.0,577.25,90.0,298.0,1271727.0
2012-03-02,577.0,577.0,571.25,571.25,5.0,299.0,1273313.0
2012-03-05,580.25,582.0,580.25,581.25,31.0,301.0,1277916.0
2012-03-06,0.0,573.0,573.0,573.0,20.0,311.0,1291496.0
2012-03-07,570.0,571.5,568.0,571.5,2.0,313.0,1289544.0
2012-03-08,572.5,572.5,569.25,569.25,12.0,314.0,1294669.0
2012-03-09,566.5,576.0,566.5,576.0,6.0,315.0,1301885.0
2012-03-12,574.75,577.75,574.75,577.75,14.0,311.0,1297928.0
2012-03-13,0.0,572.5,572.5,572.5,6.0,315.0,1303986.0
2012-03-14,0.0,575.5,575.5,575.5,1.0,315.0,1322339.0
2012-03-15,579.75,582.25,579.75,582.25,0.0,315.0,1321196.0
2012-03-16,580.0,582.0,580.0,581.75,12.0,324.0,1334918.0
2012-03-19,580.75,580.75,580.25,580.25,25.0,341.0,1342584.0
2012-03-20,574.5,574.5,571.5,573.25,8.0,345.0,1336092.0
2012-03-21,0.0,570.25,570.25,570.25,5.0,346.0,1324552.0
2012-03-22,0.0,568.25,568.25,568.25,10.0,351.0,1317050.0
2012-03-23,0.0,568.75,568.75,568.75,0.0,351.0,1321275.0
2012-03-26,568.75,568.75,565.75,565.75,2.0,352.0,1319571.0
2012-03-27,564.0,564.0,563.0,563.0,8.0,360.0,1321965.0
2012-03-28,557.75,557.75,551.75,551.75,11.0,368.0,1308869.0
2012-03-29,551.25,553.5,542.0,542.0,16.0,374.0,1311737.0
2012-03-30,550.0,560.5,550.0,560.5,63.0,395.0,1319472.0
2012-04-02,0.0,566.75,566.75,566.75,32.0,395.0,1338009.0
2012-04-03,565.5,569.25,565.5,569.25,20.0,395.0,1341955.0
2012-04-04,0.0,568.25,568.25,568.25,25.0,375.0,1342111.0
2012-04-05,0.0,572.5,572.5,572.5,0.0,375.0,1356117.0
2012-04-09,573.0,573.0,569.0,569.0,0.0,375.0,1358778.0
2012-04-10,0.0,566.75,566.75,566.75,2.0,377.0,1350141.0
2012-04-11,567.0,567.5,567.0,567.5,4.0,377.0,1349593.0
2012-04-12,0.0,568.5,568.5,568.5,15.0,377.0,1350947.0
2012-04-13,563.0,563.0,559.5,559.5,1.0,376.0,1359603.0
2012-04-16,0.0,551.5,551.5,551.5,13.0,372.0,1362550.0
2012-04-17,0.0,552.5,552.5,552.5,0.0,372.0,1360885.0
2012-04-18,555.0,555.0,552.5,552.5,5.0,375.0,1355022.0
2012-04-19,0.0,563.25,563.25,563.25,20.0,383.0,1356057.0
2012-04-20,562.25,562.25,557.25,557.25,22.0,394.0,1357177.0
2012-04-23,0.0,565.5,565.5,565.5,4.0,396.0,1328846.0
2012-04-24,0.0,561.5,561.5,561.5,0.0,396.0,1319480.0
2012-04-25,0.0,559.75,559.75,559.75,2.0,397.0,1309730.0
2012-04-26,0.0,556.75,556.75,556.75,12.0,404.0,1293513.0
2012-04-27,0.0,559.75,559.75,559.75,0.0,404.0,1278175.0
2012-04-30,0.0,564.0,564.0,564.0,28.0,421.0,1246231.0
2012-05-01,549.25,555.25,549.25,555.25,0.0,0.0,0.0
2012-05-02,0.0,560.5,560.5,560.5,6.0,427.0,1225210.0
2012-05-03,554.75,562.25,554.5,562.25,6.0,425.0,1219448.0
2012-05-04,553.0,557.25,553.0,557.25,6.0,428.0,1219486.0
2012-05-07,549.25,555.25,549.25,555.25,11.0,434.0,1217492.0
2012-05-08,554.0,559.75,554.0,559.75,28.0,460.0,1224710.0
2012-05-09,550.25,550.25,545.5,548.75,45.0,465.0,1232903.0
2012-05-10,550.0,550.0,542.0,545.5,15.0,467.0,1238668.0
2012-05-11,540.0,545.75,539.75,545.75,21.0,473.0,1246912.0
2012-05-14,542.75,544.5,542.75,544.5,46.0,514.0,1249687.0
2012-05-15,550.0,550.0,548.0,548.0,1.0,514.0,1238835.0
2012-05-16,550.0,557.0,550.0,557.0,2.0,515.0,1232055.0
2012-05-17,558.0,560.0,555.0,560.0,1.0,516.0,1230232.0
2012-05-18,560.0,564.0,557.0,557.0,11.0,524.0,1222115.0
2012-05-21,559.0,559.25,559.0,559.25,52.0,574.0,1207308.0
2012-05-22,554.0,554.0,544.0,544.0,17.0,572.0,1204886.0
2012-05-23,546.0,546.0,545.5,545.5,22.0,570.0,1195041.0
2012-05-24,540.0,546.0,540.0,546.0,2.0,569.0,1189181.0
2012-05-25,0.0,550.25,550.25,550.25,8.0,574.0,1186415.0
2012-05-28,0.0,550.25,550.25,550.25,0.0,0.0,0.0
2012-05-29,0.0,545.25,545.25,545.25,0.0,574.0,1170333.0
2012-05-30,550.0,550.0,548.5,550.0,0.0,574.0,1173286.0
2012-05-31,0.0,547.0,547.0,547.0,20.0,580.0,1175025.0
2012-06-01,545.75,550.0,536.25,536.25,0.0,580.0,1184700.0
2012-06-04,548.0,548.5,548.0,548.5,17.0,580.0,1173255.0
2012-06-05,540.0,540.0,536.0,536.0,1.0,581.0,1177670.0
2012-06-06,548.0,549.25,548.0,549.25,7.0,585.0,1178388.0
2012-06-07,553.0,563.0,553.0,563.0,6.0,587.0,1182998.0
2012-06-08,560.0,568.0,560.0,568.0,6.0,587.0,1177612.0
2012-06-11,555.0,560.0,555.0,560.0,5.0,587.0,1170892.0
2012-06-12,545.0,553.0,545.0,553.0,4.0,590.0,1162518.0
2012-06-13,547.0,547.0,543.0,543.5,3.0,590.0,1157512.0
2012-06-14,544.75,544.75,544.25,544.25,123.0,703.0,1155495.0
2012-06-15,548.5,548.5,533.25,533.25,8.0,707.0,1144307.0
2012-06-18,548.25,561.0,548.25,559.5,8.0,708.0,1143574.0
2012-06-19,561.75,580.0,561.75,580.0,10.0,715.0,1129240.0
2012-06-20,572.0,579.0,572.0,576.5,51.0,736.0,1117515.0
2012-06-21,577.5,577.5,566.5,566.5,12.0,722.0,1118520.0
2012-06-22,576.25,576.25,569.5,569.5,6.0,724.0,1104903.0
2012-06-25,581.0,585.0,579.0,582.0,1.0,725.0,1082270.0
2012-06-26,589.0,589.25,579.0,588.5,23.0,728.0,1073768.0
2012-06-27,589.75,597.0,589.75,592.5,32.0,741.0,1057772.0
2012-06-28,597.0,597.0,587.0,587.0,27.0,747.0,1056911.0
2012-06-29,586.75,605.25,586.75,592.75,39.0,780.0,1031800.0
2012-07-02,605.0,607.75,597.0,607.75,61.0,805.0,1027833.0
2012-07-03,610.0,617.75,610.0,617.75,20.0,808.0,1032460.0
2012-07-04,610.0,617.75,610.0,617.75,0.0,0.0,0.0
2012-07-05,625.0,630.0,625.0,628.75,22.0,829.0,1036636.0
2012-07-06,623.5,623.5,616.5,619.25,81.0,850.0,1051192.0
2012-07-09,639.5,639.75,638.0,639.25,21.0,864.0,1054800.0
2012-07-10,638.0,639.75,631.0,631.0,92.0,897.0,1088896.0
2012-07-11,634.25,640.0,612.0,620.5,144.0,943.0,1088659.0
2012-07-12,629.0,635.0,629.0,635.0,46.0,960.0,1105989.0
2012-07-13,0.0,637.0,637.0,637.0,6.0,960.0,1116308.0
2012-07-16,637.0,648.0,637.0,643.75,0.0,960.0,1123011.0
2012-07-17,647.25,647.25,638.0,638.0,44.0,967.0,1143101.0
2012-07-18,637.0,640.0,635.0,639.75,107.0,972.0,1154865.0
2012-07-19,639.75,640.5,609.5,609.5,78.0,985.0,1164213.0
2012-07-20,621.25,621.25,620.5,621.0,95.0,954.0,1178367.0
2012-07-23,620.0,630.0,620.0,627.25,42.0,942.0,1186791.0
2012-07-24,619.0,626.5,619.0,626.5,38.0,942.0,1195643.0
2012-07-25,629.0,636.0,629.0,631.0,57.0,941.0,1199302.0
2012-07-26,633.5,633.5,626.0,626.75,175.0,958.0,1201300.0
2012-07-27,0.0,636.0,636.0,636.0,37.0,962.0,1197558.0
2012-07-30,639.0,645.0,639.0,645.0,28.0,964.0,1190795.0
2012-07-31,646.5,649.0,640.75,647.75,4.0,963.0,1198003.0
2012-08-01,649.0,650.0,643.5,644.25,21.0,966.0,1190062.0
2012-08-02,638.0,647.75,638.0,647.75,28.0,968.0,1180768.0
2012-08-03,0.0,645.25,645.25,645.25,13.0,970.0,1180115.0
2012-08-06,0.0,651.25,651.25,651.25,13.0,968.0,1189764.0
2012-08-07,0.0,650.75,650.75,650.75,0.0,968.0,1190668.0
2012-08-08,0.0,653.75,653.75,653.75,3.0,967.0,1187048.0
2012-08-09,654.0,655.0,652.75,655.0,13.0,967.0,1190355.0
2012-08-10,657.0,657.0,649.0,656.5,15.0,968.0,1197159.0
2012-08-13,650.75,650.75,644.0,650.0,28.0,968.0,1224878.0
2012-08-14,646.5,648.0,645.0,645.75,24.0,984.0,1221151.0
2012-08-15,642.0,650.0,642.0,644.0,13.0,992.0,1212846.0
2012-08-16,0.0,645.75,645.75,645.75,44.0,993.0,1219143.0
2012-08-17,0.0,643.25,643.25,643.25,11.0,985.0,1230950.0
2012-08-20,649.5,655.0,649.5,655.0,0.0,985.0,1229033.0
2012-08-21,656.0,661.5,656.0,661.5,12.0,988.0,1236589.0
2012-08-22,658.0,660.25,658.0,660.25,22.0,989.0,1256968.0
2012-08-23,654.0,655.5,654.0,655.5,4.0,991.0,1255526.0
2012-08-24,651.25,655.5,651.25,655.5,2.0,989.0,1247916.0
2012-08-27,654.5,655.5,654.5,655.5,23.0,981.0,1228707.0
2012-08-28,0.0,659.25,659.25,659.25,4.0,983.0,1218394.0
2012-08-29,665.0,665.5,665.0,665.5,5.0,985.0,1210057.0
2012-08-30,661.5,665.75,661.5,664.5,2.0,987.0,1198533.0
2012-08-31,665.0,667.0,663.75,665.5,33.0,1009.0,1185297.0
2012-09-03,665.0,667.0,663.75,665.5,0.0,0.0,0.0
2012-09-04,669.0,671.5,669.0,671.5,77.0,1022.0,1173983.0
2012-09-05,668.75,671.5,668.75,671.5,14.0,1026.0,1178390.0
2012-09-06,670.75,675.75,670.75,675.75,7.0,1030.0,1170618.0
2012-09-07,674.5,675.5,673.75,675.5,11.0,1033.0,1167255.0
2012-09-10,674.0,674.5,670.75,670.75,43.0,1044.0,1170930.0
2012-09-11,674.0,674.0,668.75,669.0,21.0,1045.0,1171617.0
2012-09-12,662.5,667.5,662.5,667.5,16.0,1045.0,1162738.0
2012-09-13,668.0,669.5,667.75,669.5,15.0,1042.0,1176765.0
2012-09-14,670.0,676.0,670.0,675.5,6.0,1045.0,1181223.0
2012-09-17,675.0,675.0,656.5,656.5,16.0,1053.0,1182249.0
2012-09-18,653.0,655.0,648.0,648.0,25.0,1060.0,1178795.0
2012-09-19,648.0,654.25,648.0,654.25,29.0,1069.0,1175247.0
2012-09-20,650.0,654.25,647.0,654.25,94.0,1065.0,1177918.0
2012-09-21,656.0,656.0,654.25,654.25,112.0,1053.0,1179149.0
2012-09-24,653.0,653.0,650.5,652.25,30.0,1054.0,1175419.0
2012-09-25,0.0,653.0,653.0,653.0,16.0,1070.0,1172341.0
2012-09-26,647.0,648.5,633.0,633.25,0.0,1070.0,1172896.0
2012-09-27,632.25,632.25,623.5,623.5,52.0,1068.0,1168400.0
2012-09-28,623.75,651.25,623.5,646.0,12.0,1063.0,1173487.0
2012-10-01,646.0,646.5,646.0,646.5,85.0,1036.0,1200034.0
2012-10-02,645.0,646.5,644.0,646.5,4.0,1036.0,1201479.0
2012-10-03,644.0,651.0,644.0,649.5,4.0,1036.0,1206089.0
2012-10-04,0.0,643.0,643.0,643.0,25.0,1020.0,1210357.0
2012-10-05,0.0,641.5,641.5,641.5,1.0,1020.0,1207037.0
2012-10-08,640.0,641.25,640.0,641.25,32.0,1004.0,1202508.0
2012-10-09,0.0,643.75,643.75,643.75,7.0,1001.0,1198959.0
2012-10-10,643.25,646.25,640.5,646.25,0.0,1001.0,1201847.0
2012-10-11,650.0,660.5,650.0,660.5,17.0,1014.0,1206479.0
2012-10-12,647.0,649.25,645.75,649.25,54.0,1054.0,1256390.0
2012-10-15,641.5,644.0,640.0,644.0,9.0,1057.0,1252633.0
2012-10-16,641.5,641.5,641.0,641.0,81.0,1081.0,1246350.0
2012-10-17,641.5,642.75,640.5,642.75,2.0,1081.0,1252825.0
2012-10-18,650.0,650.75,650.0,650.75,46.0,1110.0,1255864.0
2012-10-19,646.0,649.5,645.25,649.5,1.0,1110.0,1268983.0
2012-10-22,0.0,648.0,648.0,648.0,10.0,1116.0,1273352.0
2012-10-23,0.0,648.75,648.75,648.75,0.0,1116.0,1273951.0
2012-10-24,651.0,654.0,651.0,654.0,6.0,1122.0,1278961.0
2012-10-25,654.0,654.0,649.25,649.25,1.0,1123.0,1283718.0
2012-10-26,650.5,652.25,650.5,650.5,13.0,1133.0,1284526.0
2012-10-29,651.0,652.75,648.0,652.75,10.0,1123.0,1285789.0
2012-10-30,0.0,653.25,653.25,653.25,39.0,1117.0,1284414.0
2012-10-31,656.0,656.0,651.75,651.75,5.0,1112.0,1279243.0
2012-11-01,658.0,658.5,654.75,654.75,4.0,1113.0,1286865.0
2012-11-02,655.0,655.0,651.25,651.25,24.0,1115.0,1294232.0
2012-11-05,648.0,649.5,646.25,646.25,9.0,1122.0,1292803.0
2012-11-06,0.0,652.0,652.0,652.0,15.0,1121.0,1286641.0
2012-11-07,651.0,658.0,651.0,656.75,0.0,1121.0,1286308.0
2012-11-08,655.0,655.25,652.5,652.5,100.0,1153.0,1290501.0
2012-11-09,648.0,648.0,645.75,646.5,4.0,1154.0,1285585.0
2012-11-12,644.25,644.25,625.75,630.25,5.0,1154.0,1295455.0
2012-11-13,625.0,629.75,625.0,629.75,26.0,1162.0,1303510.0
2012-11-14,630.0,630.0,626.25,627.0,41.0,1168.0,1294574.0
2012-11-15,626.5,627.0,625.0,625.5,2.0,1168.0,1299999.0
2012-11-16,625.0,627.25,622.0,627.25,30.0,1174.0,1297618.0
2012-11-19,625.5,639.0,625.5,637.75,34.0,1166.0,1294793.0
2012-11-20,641.25,642.0,641.25,641.75,30.0,1182.0,1303298.0
2012-11-21,641.25,642.0,641.25,641.75,0.0,0.0,0.0
2012-11-22,642.5,643.25,641.75,641.75,0.0,0.0,0.0
2012-11-23,0.0,643.75,643.75,643.75,3.0,1197.0,1305395.0
2012-11-26,647.0,647.0,645.0,647.0,2.0,1195.0,1292494.0
2012-11-27,648.0,654.0,648.0,654.0,78.0,1229.0,1265925.0
2012-11-28,650.5,655.75,650.5,655.75,73.0,1230.0,1240602.0
2012-11-29,654.5,654.5,652.0,652.25,8.0,1232.0,1239674.0
2012-11-30,654.0,654.0,652.0,652.0,3.0,1234.0,1229969.0
2012-12-03,658.0,658.0,655.25,655.75,34.0,1237.0,1222174.0
2012-12-04,655.0,657.0,652.25,657.0,27.0,1254.0,1214906.0
2012-12-05,660.0,661.0,658.25,661.0,78.0,1291.0,1203364.0
2012-12-06,657.25,659.25,657.25,659.25,36.0,1305.0,1207317.0
2012-12-07,656.25,656.5,650.5,653.5,13.0,1298.0,1209821.0
2012-12-10,649.25,652.25,645.0,652.25,5.0,1300.0,1196705.0
2012-12-11,646.25,650.5,643.0,644.5,44.0,1331.0,1197671.0
2012-12-12,0.0,642.75,642.75,642.75,40.0,1333.0,1193444.0
2012-12-13,639.5,642.5,635.5,642.5,0.0,1328.0,1175596.0
2012-12-14,642.25,644.25,642.25,644.25,32.0,1342.0,1169818.0
2012-12-17,647.0,647.0,637.75,637.75,1.0,1342.0,1162787.0
2012-12-18,634.5,638.75,634.5,638.75,68.0,1380.0,1158492.0
2012-12-19,639.75,639.75,632.5,633.0,4.0,1378.0,1153532.0
2012-12-20,630.5,630.5,622.5,623.25,285.0,1489.0,1160817.0
2012-12-21,623.5,625.5,623.0,625.5,46.0,1503.0,1156017.0
2012-12-24,624.75,625.5,622.5,625.5,86.0,1496.0,1137416.0
2012-12-26,619.0,619.0,617.75,618.5,26.0,1514.0,1137584.0
2012-12-27,617.25,617.75,613.75,615.5,15.0,1508.0,1137954.0
2012-12-28,616.0,619.25,616.0,619.25,29.0,1526.0,1133483.0
2012-12-31,620.0,620.0,614.25,619.0,22.0,1534.0,1132370.0
2013-01-02,621.0,621.0,610.0,612.0,44.0,1536.0,1128183.0
2013-01-03,602.5,607.0,602.5,606.75,68.0,1548.0,1144331.0
2013-01-04,601.5,601.5,592.75,592.75,60.0,1589.0,1143232.0
2013-01-07,592.25,597.0,592.25,595.5,157.0,1664.0,1141628.0
2013-01-08,592.75,600.0,592.25,598.75,76.0,1682.0,1145523.0
2013-01-09,599.0,603.5,597.25,602.5,193.0,1707.0,1148434.0
2013-01-10,603.0,605.0,601.25,604.75,119.0,1779.0,1162874.0
2013-01-11,603.0,612.0,595.0,597.5,140.0,1848.0,1168137.0
2013-01-14,599.0,603.75,596.5,603.75,494.0,2028.0,1186077.0
2013-01-15,603.5,610.75,603.5,608.25,114.0,2055.0,1184439.0
2013-01-16,604.25,611.0,604.25,611.0,254.0,2165.0,1192284.0
2013-01-17,609.0,609.0,605.0,605.25,67.0,2176.0,1194550.0
2013-01-18,608.0,610.0,605.25,609.0,126.0,2194.0,1187137.0
2013-01-21,608.0,610.0,605.25,609.0,0.0,0.0,0.0
2013-01-22,609.25,613.25,609.0,609.0,98.0,2226.0,1190095.0
2013-01-23,609.25,611.0,608.0,609.25,41.0,2223.0,1194795.0
2013-01-24,610.0,610.0,603.25,605.25,44.0,2195.0,1193368.0
2013-01-25,608.0,608.0,603.0,604.25,481.0,2248.0,1205817.0
2013-01-28,606.0,610.25,605.0,610.25,371.0,2290.0,1209415.0
2013-01-29,610.0,610.0,607.75,607.75,313.0,2347.0,1213329.0
2013-01-30,608.5,614.5,607.5,614.25,75.0,2348.0,1223427.0
2013-01-31,615.0,615.0,609.5,612.0,161.0,2438.0,1243100.0
2013-02-01,615.25,615.25,613.25,613.25,79.0,2479.0,1273074.0
2013-02-04,615.75,618.0,613.0,615.0,19.0,2483.0,1268719.0
2013-02-05,612.5,612.5,607.0,611.75,102.0,2525.0,1274211.0
2013-02-06,610.0,610.0,601.0,601.5,56.0,2560.0,1282117.0
2013-02-07,598.0,599.0,590.5,590.5,235.0,2709.0,1285514.0
2013-02-08,591.25,591.25,586.0,586.75,555.0,3044.0,1291725.0
2013-02-11,587.0,587.0,580.0,582.0,614.0,3278.0,1272356.0
2013-02-12,578.0,586.25,577.75,586.25,360.0,3337.0,1280832.0
2013-02-13,587.0,588.25,581.0,588.0,392.0,3384.0,1291266.0
2013-02-14,588.0,590.0,581.75,587.25,139.0,3390.0,1297285.0
2013-02-15,590.0,591.5,586.0,586.5,76.0,3420.0,1304097.0
2013-02-18,590.0,591.5,586.0,586.5,0.0,0.0,0.0
2013-02-19,586.25,586.25,579.25,581.0,187.0,3415.0,1307337.0
2013-02-20,582.0,584.25,580.25,584.25,97.0,3441.0,1313307.0
2013-02-21,578.25,578.75,577.0,577.0,76.0,3446.0,1293675.0
2013-02-22,578.5,579.75,574.5,575.25,57.0,3458.0,1289828.0
2013-02-25,575.0,576.25,573.0,573.5,55.0,3459.0,1250679.0
2013-02-26,574.25,579.5,571.0,579.5,164.0,3527.0,1248204.0
2013-02-27,579.0,580.5,575.5,576.5,195.0,3636.0,1242543.0
2013-02-28,577.75,578.75,575.0,578.75,67.0,3659.0,1223321.0
2013-03-01,580.0,580.0,574.5,578.75,93.0,3699.0,1213305.0
2013-03-05,572.25,576.5,572.25,574.25,194.0,3846.0,1206327.0
2013-03-06,570.0,570.75,566.25,566.5,202.0,3945.0,1204302.0
2013-03-07,567.25,567.25,562.75,564.0,171.0,4012.0,1211655.0
2013-03-08,564.0,570.0,562.75,569.0,276.0,4158.0,1207102.0
2013-03-11,570.75,577.5,570.75,576.0,87.0,4189.0,1208809.0
2013-03-12,574.75,581.5,574.0,580.0,156.0,4295.0,1223226.0
2013-03-13,577.75,580.75,571.25,577.25,502.0,4504.0,1224315.0
2013-03-14,575.0,580.0,575.0,580.0,139.0,4546.0,1229438.0
2013-03-15,580.0,581.75,577.0,581.75,305.0,4677.0,1252535.0
2013-03-18,579.0,583.0,577.25,582.0,87.0,4703.0,1259120.0
2013-03-19,580.5,582.5,577.25,582.5,103.0,4723.0,1267921.0
2013-03-20,582.0,587.25,582.0,587.25,52.0,4733.0,1290732.0
2013-03-21,586.75,590.0,585.5,588.5,140.0,4745.0,1304246.0
2013-03-22,586.0,587.0,583.75,586.75,58.0,4762.0,1316420.0
2013-03-25,589.0,593.25,587.0,593.25,229.0,4844.0,1326086.0
2013-03-26,593.0,594.0,589.0,592.5,241.0,4992.0,1327592.0
2013-03-27,591.0,594.25,590.0,591.5,311.0,5036.0,1330485.0
2013-03-28,589.5,591.0,560.75,560.75,322.0,5115.0,1341354.0
2013-03-29,589.5,591.0,560.75,560.75,0.0,0.0,0.0
2013-04-01,563.5,563.5,549.75,558.5,1043.0,5396.0,1358187.0
2013-04-02,560.5,563.5,553.25,560.5,471.0,5612.0,1341690.0
2013-04-03,561.0,564.5,558.75,564.25,620.0,5886.0,1315115.0
2013-04-04,563.75,565.75,559.5,564.25,878.0,6494.0,1302866.0
2013-04-05,564.25,565.25,558.0,560.25,623.0,6619.0,1303256.0
2013-04-08,558.5,559.0,552.75,556.25,512.0,6810.0,1305568.0
2013-04-09,557.0,563.5,555.5,563.5,824.0,7126.0,1301639.0
2013-04-10,563.25,570.0,555.5,566.75,413.0,7255.0,1297225.0
2013-04-12,570.0,574.0,568.75,574.0,756.0,7642.0,1304189.0
2013-04-15,574.25,574.25,555.0,556.5,288.0,7746.0,1302649.0
2013-04-16,556.0,564.0,553.0,564.0,484.0,7860.0,1294275.0
2013-04-17,561.0,572.0,561.0,570.5,624.0,8203.0,1280221.0
2013-04-18,569.75,573.25,564.75,564.75,606.0,8499.0,1268071.0
2013-04-19,563.5,572.5,560.0,570.75,444.0,8699.0,1261903.0
2013-04-22,563.25,563.75,555.5,557.75,1308.0,9364.0,1263107.0
2013-04-23,558.0,558.0,543.25,548.25,2077.0,10547.0,1257784.0
2013-04-24,543.25,554.0,543.25,554.0,1889.0,11065.0,1250211.0
2013-04-25,554.0,557.75,554.0,557.75,3557.0,12903.0,1246265.0
2013-04-26,557.25,557.25,549.25,550.5,2376.0,14082.0,1236219.0
2013-04-29,560.0,584.25,560.0,582.75,3723.0,15763.0,1200241.0
2013-04-30,581.75,592.0,579.0,581.5,4327.0,16416.0,1167902.0
2013-05-01,578.5,579.0,569.0,576.0,3261.0,17661.0,1156341.0
2013-05-02,574.75,584.0,574.0,583.5,1969.0,18280.0,1147080.0
2013-05-03,582.0,585.0,576.5,578.0,1874.0,18586.0,1142757.0
2013-05-06,566.25,566.25,559.0,564.0,1858.0,19445.0,1139836.0
2013-05-07,565.0,565.75,555.25,565.25,2164.0,20227.0,1143336.0
2013-05-08,565.25,565.25,554.5,557.75,2580.0,21250.0,1143526.0
2013-05-09,555.0,566.75,551.5,565.75,1657.0,21598.0,1144757.0
2013-05-13,550.0,565.0,550.0,564.25,2503.0,22298.0,1143783.0
2013-05-14,565.0,568.5,560.25,562.5,1468.0,22839.0,1149215.0
2013-05-15,560.0,561.75,556.0,557.0,1267.0,22915.0,1144729.0
2013-05-16,556.75,558.75,548.75,548.75,2706.0,23702.0,1153966.0
2013-05-17,548.75,548.75,542.25,544.5,1645.0,24343.0,1157092.0
2013-05-20,540.0,547.25,539.5,545.75,1734.0,24266.0,1161490.0
2013-05-21,539.0,546.75,538.0,546.25,1598.0,24698.0,1169736.0
2013-05-22,547.75,556.25,547.75,556.25,2885.0,24671.0,1176119.0
2013-05-23,555.75,562.0,552.25,560.5,772.0,24844.0,1175118.0
2013-05-24,558.5,562.75,553.25,562.75,5111.0,25803.0,1179630.0
2013-05-27,558.5,562.75,553.25,562.75,0.0,0.0,0.0
2013-05-28,567.75,578.75,567.75,576.0,1521.0,26185.0,1183455.0
2013-05-29,576.0,590.0,573.25,588.5,4301.0,26682.0,1181496.0
2013-05-30,587.0,588.75,579.5,585.75,2939.0,27185.0,1185158.0
2013-05-31,584.5,594.0,581.5,587.5,1590.0,27487.0,1178058.0
2013-06-03,587.25,594.5,575.5,582.75,4319.0,28193.0,1192959.0
2013-06-04,581.5,581.5,570.25,577.0,2431.0,28741.0,1180085.0
2013-06-05,577.0,577.25,566.0,567.0,3280.0,29478.0,1179730.0
2013-06-06,565.5,574.0,564.5,572.75,2369.0,30412.0,1183887.0
2013-06-07,571.75,583.25,571.75,582.25,2483.0,30953.0,1190302.0
2013-06-10,577.0,577.0,564.25,570.5,4134.0,31874.0,1204734.0
2013-06-11,570.0,577.0,567.75,575.5,3091.0,32654.0,1205335.0
2013-06-12,575.0,575.0,560.0,562.25,2171.0,33072.0,1217399.0
2013-06-13,562.5,562.5,554.75,560.75,4072.0,32956.0,1228508.0
2013-06-14,559.75,562.0,555.75,558.25,3081.0,33580.0,1252985.0
2013-06-17,554.75,566.5,551.25,563.25,2291.0,34177.0,1251389.0
2013-06-18,563.25,575.0,562.5,575.0,2798.0,34834.0,1240393.0
2013-06-19,574.0,594.75,571.75,594.5,2560.0,35014.0,1239198.0
2013-06-20,592.0,592.0,577.0,584.5,2168.0,35497.0,1239244.0
2013-06-21,581.0,587.0,577.5,579.75,1837.0,35814.0,1231130.0
2013-06-24,572.75,573.25,567.0,570.5,5320.0,36056.0,1223232.0
2013-06-25,573.75,575.0,566.0,568.25,1760.0,36570.0,1185511.0
2013-06-26,568.0,572.5,565.75,567.25,1924.0,36957.0,1155456.0
2013-06-27,565.0,566.75,559.0,562.75,1133.0,37046.0,1132549.0
2013-06-28,561.75,564.0,534.5,535.5,2367.0,37470.0,1109118.0
2013-07-01,532.5,534.0,526.75,528.0,7090.0,37044.0,1094706.0
2013-07-02,528.0,532.5,524.0,529.5,7165.0,38374.0,1101820.0
2013-07-03,530.75,536.0,525.5,529.5,3478.0,38693.0,1109480.0
2013-07-04,530.75,536.0,525.5,529.5,0.0,0.0,0.0
2013-07-05,530.0,531.25,518.0,518.5,2535.0,38720.0,1123402.0
2013-07-08,517.5,528.5,517.5,526.75,2152.0,39236.0,1120195.0
2013-07-09,528.75,550.25,528.75,547.5,2657.0,39073.0,1114123.0
2013-07-10,547.5,553.25,543.0,547.25,3066.0,39101.0,1119887.0
2013-07-11,547.75,553.5,536.75,553.0,4371.0,39589.0,1108506.0
2013-07-12,552.0,552.5,533.5,535.5,4096.0,40379.0,1115255.0
2013-07-15,532.0,533.75,525.5,529.75,2218.0,40453.0,1114668.0
2013-07-16,534.0,544.0,532.5,537.0,1915.0,40630.0,1116001.0
2013-07-17,538.25,540.0,527.5,528.0,3565.0,40759.0,1114755.0
2013-07-18,525.0,527.5,520.25,527.0,1857.0,40981.0,1121460.0
2013-07-19,527.0,527.5,517.75,526.5,2830.0,40942.0,1128378.0
2013-07-22,528.75,528.75,519.0,524.0,5635.0,41163.0,1139061.0
2013-07-23,520.0,520.25,509.0,512.0,1875.0,41260.0,1151319.0
2013-07-24,512.0,515.5,506.25,507.0,5548.0,40934.0,1168749.0
2013-07-25,509.25,509.5,502.25,505.5,3284.0,41069.0,1172144.0
2013-07-26,505.5,507.75,501.75,503.0,5739.0,41748.0,1173347.0
2013-07-29,503.75,505.75,498.25,500.25,3081.0,42091.0,1169569.0
2013-07-30,502.75,505.5,500.5,504.5,2545.0,42230.0,1169844.0
2013-07-31,503.75,507.25,501.0,505.5,4125.0,41882.0,1169039.0
2013-08-01,505.75,505.75,490.75,493.25,8420.0,40183.0,1164883.0
2013-08-02,493.25,496.0,489.0,490.25,4228.0,40787.0,1167381.0
2013-08-05,489.0,491.25,482.5,487.25,4512.0,42131.0,1170298.0
2013-08-06,487.25,488.0,482.0,486.0,4464.0,42752.0,1175703.0
2013-08-07,486.25,490.5,482.75,484.75,6050.0,43596.0,1177976.0
2013-08-08,484.75,490.75,483.5,487.25,5564.0,43812.0,1183796.0
2013-08-09,487.0,490.0,480.25,481.25,7283.0,44882.0,1194911.0
2013-08-12,481.25,496.25,475.0,491.25,8028.0,46461.0,1197096.0
2013-08-13,491.5,496.0,473.5,475.25,8914.0,46016.0,1204872.0
2013-08-14,475.5,483.5,475.0,482.75,10657.0,47358.0,1206286.0
2013-08-15,484.0,502.0,481.0,499.0,6042.0,47066.0,1212785.0
2013-08-16,499.75,502.0,488.0,490.0,5745.0,46418.0,1224812.0
2013-08-19,499.25,511.75,495.0,510.75,4367.0,46814.0,1214297.0
2013-08-20,510.5,512.0,500.75,502.25,7821.0,47736.0,1213730.0
2013-08-21,501.5,510.5,501.5,509.0,6603.0,47575.0,1199310.0
2013-08-22,505.75,505.75,490.25,490.75,5540.0,46907.0,1192682.0
2013-08-23,490.0,500.0,490.0,495.75,4471.0,47089.0,1178382.0
2013-08-26,503.0,532.25,503.0,525.0,3911.0,47675.0,1120878.0
2013-08-27,524.25,527.75,510.75,511.5,15178.0,48717.0,1112390.0
2013-08-28,512.25,516.75,505.0,506.75,6541.0,48667.0,1090214.0
2013-08-29,506.75,509.5,503.25,507.5,3681.0,48783.0,1078379.0
2013-08-30,506.25,510.5,502.25,508.75,4340.0,49261.0,1071328.0
2013-09-02,506.25,510.5,502.25,508.75,0.0,0.0,0.0
2013-09-03,515.5,519.25,497.0,502.25,4108.0,49795.0,1068720.0
2013-09-04,502.5,502.5,493.75,497.0,5808.0,49769.0,1071732.0
2013-09-05,495.25,496.75,485.0,488.75,7861.0,50716.0,1067863.0
2013-09-06,488.75,495.75,487.75,495.5,7294.0,51659.0,1075298.0
2013-09-09,495.75,498.0,489.0,491.25,4832.0,51533.0,1071859.0
2013-09-10,491.0,497.25,489.0,496.75,3637.0,51933.0,1075529.0
2013-09-11,496.75,500.25,494.25,499.5,8785.0,52645.0,1084845.0
2013-09-12,499.0,499.25,483.5,493.75,9889.0,54014.0,1076818.0
2013-09-13,492.0,492.5,485.0,486.25,12548.0,56246.0,1091354.0
2013-09-16,485.0,489.25,481.25,483.75,6796.0,58090.0,1098602.0
2013-09-17,484.5,495.0,480.25,481.5,4893.0,58600.0,1105961.0
2013-09-18,481.5,484.25,479.25,483.75,10313.0,59739.0,1124418.0
2013-09-19,484.25,490.25,483.0,486.75,8101.0,60699.0,1138846.0
2013-09-20,487.0,487.0,478.25,478.75,6185.0,62178.0,1141000.0
2013-09-23,478.0,482.5,476.0,480.75,5044.0,63040.0,1140757.0
2013-09-24,479.5,484.0,475.25,476.0,4462.0,63859.0,1142636.0
2013-09-25,475.5,484.0,475.5,481.75,11276.0,62306.0,1147297.0
2013-09-26,481.5,484.75,478.25,483.75,8827.0,62377.0,1152599.0
2013-09-27,483.75,486.0,480.0,481.0,5840.0,61907.0,1156390.0
2013-09-30,480.0,488.25,468.0,469.0,4896.0,62225.0,1157484.0
2013-10-01,469.5,471.75,462.75,466.5,13610.0,64398.0,1170441.0
2013-10-02,466.0,468.75,463.25,467.0,12465.0,67743.0,1182752.0
2013-10-03,467.0,471.5,466.25,467.5,13844.0,69474.0,1194306.0
2013-10-04,467.5,472.25,467.0,471.75,11866.0,71230.0,1202231.0
2013-10-07,471.0,477.25,470.75,477.0,7907.0,71633.0,1202736.0
2013-10-08,476.5,477.25,468.0,470.0,14486.0,71618.0,1206716.0
2013-10-09,469.0,474.5,469.0,472.25,9675.0,72218.0,1215467.0
2013-10-10,471.75,474.75,465.0,467.0,10014.0,72344.0,1216015.0
2013-10-11,465.0,465.0,461.0,462.0,6789.0,74526.0,1223480.0
2013-10-14,461.0,465.5,460.5,465.25,11322.0,76018.0,1226541.0
2013-10-15,465.0,472.0,464.75,471.75,6842.0,77249.0,1232309.0
2013-10-16,471.75,473.5,467.25,470.5,14803.0,77143.0,1237488.0
2013-10-17,470.0,473.75,469.75,470.75,17666.0,79990.0,1244836.0
2013-10-18,470.25,475.5,468.75,469.5,11041.0,79546.0,1244729.0
2013-10-21,468.75,472.75,466.0,472.0,11477.0,79270.0,1256903.0
2013-10-22,471.75,472.5,466.5,467.0,14092.0,81455.0,1271949.0
2013-10-23,467.0,474.5,467.0,471.25,11509.0,82088.0,1284216.0
2013-10-24,470.5,472.75,467.0,468.75,18303.0,81986.0,1292078.0
2013-10-25,468.5,470.5,467.5,468.25,12258.0,82373.0,1294685.0
2013-10-28,466.75,468.0,459.0,459.75,18579.0,81479.0,1294140.0
2013-10-29,459.0,462.75,457.0,460.0,16682.0,84410.0,1308533.0
2013-10-30,460.0,462.75,456.75,457.25,16719.0,86691.0,1321037.0
2013-10-31,457.0,462.75,453.75,454.25,13396.0,87149.0,1320693.0
2013-11-01,454.0,454.75,451.0,452.25,26717.0,89593.0,1327186.0
2013-11-04,452.0,454.5,451.0,451.5,23978.0,88428.0,1326331.0
2013-11-05,451.0,452.0,449.25,450.25,19217.0,91304.0,1340190.0
2013-11-06,450.0,451.25,445.75,446.5,21220.0,91760.0,1332835.0
2013-11-07,446.0,449.5,445.25,446.75,14228.0,93602.0,1351332.0
2013-11-08,446.0,455.5,442.25,453.75,21225.0,97142.0,1365260.0
2013-11-11,454.0,464.25,454.0,461.75,25890.0,99486.0,1388180.0
2013-11-12,461.75,464.75,457.5,459.75,19444.0,100972.0,1373968.0
2013-11-13,459.75,461.25,455.25,456.0,16345.0,103609.0,1371072.0
2013-11-14,456.0,456.75,451.25,452.25,24061.0,103667.0,1371660.0
2013-11-15,451.75,455.0,445.25,445.75,21537.0,105096.0,1371017.0
2013-11-18,445.5,446.0,436.25,436.75,22493.0,105636.0,1366100.0
2013-11-19,436.5,442.75,435.5,441.75,19494.0,108003.0,1385219.0
2013-11-20,441.75,443.0,439.0,440.25,21391.0,109385.0,1386377.0
2013-11-21,440.5,445.25,439.75,444.5,15123.0,111501.0,1389477.0
2013-11-22,444.25,447.25,442.0,444.25,23124.0,112746.0,1378582.0
2013-11-25,444.5,448.0,444.25,446.25,21699.0,114443.0,1298450.0
2013-11-26,446.25,446.25,438.0,440.0,10110.0,114322.0,1262966.0
2013-11-27,440.0,444.75,439.0,441.75,25335.0,116171.0,1232930.0
2013-11-28,440.0,444.75,439.0,441.75,0.0,0.0,0.0
2013-11-29,440.0,442.5,437.0,440.0,20995.0,118428.0,1205765.0
2013-12-02,438.25,440.75,434.25,440.0,15627.0,117088.0,1202754.0
2013-12-03,439.5,447.5,438.5,446.75,17955.0,117765.0,1202555.0
2013-12-04,446.75,454.75,442.0,451.5,11316.0,118293.0,1199035.0
2013-12-05,451.0,452.5,446.0,449.0,25237.0,119853.0,1195450.0
2013-12-06,449.0,452.0,446.0,449.75,19708.0,121453.0,1197579.0
2013-12-09,449.5,453.75,447.75,453.5,11735.0,120629.0,1197632.0
2013-12-10,452.75,456.0,446.0,451.75,16441.0,119117.0,1201081.0
2013-12-11,451.5,455.0,449.5,454.5,19024.0,119304.0,1199524.0
2013-12-12,454.25,454.25,443.0,449.25,11199.0,119638.0,1198628.0
2013-12-13,448.25,449.5,440.0,440.75,22575.0,118079.0,1196190.0
2013-12-16,440.75,441.5,435.5,438.25,15387.0,118435.0,1192781.0
2013-12-17,438.25,444.0,437.25,442.0,13516.0,119626.0,1195139.0
2013-12-18,440.75,445.0,438.25,440.5,9110.0,121251.0,1194658.0
2013-12-19,440.5,446.0,439.5,445.5,13602.0,121667.0,1189783.0
2013-12-20,445.0,449.5,443.0,448.5,10373.0,122394.0,1190892.0
2013-12-23,447.5,450.75,447.0,449.5,12616.0,123118.0,1186779.0
2013-12-24,449.0,450.25,447.25,449.75,9548.0,121746.0,1180231.0
2013-12-26,447.75,447.75,441.25,441.75,3816.0,122176.0,1178130.0
2013-12-27,441.5,443.75,441.25,442.75,10375.0,124150.0,1182949.0
2013-12-30,441.5,441.75,438.25,438.75,5297.0,124781.0,1192183.0
2013-12-31,441.5,441.75,438.25,438.75,0.0,0.0,0.0
2014-01-02,436.5,442.0,433.5,435.75,10514.0,126877.0,1202943.0
2014-01-03,436.0,439.25,432.25,438.75,22857.0,127701.0,1209235.0
2014-01-06,438.75,443.0,438.75,442.5,13767.0,129857.0,1223050.0
2014-01-07,442.25,445.0,439.75,440.5,11868.0,131183.0,1222378.0
2014-01-08,440.0,442.25,430.0,432.5,21680.0,132404.0,1223592.0
2014-01-09,432.0,432.0,423.5,427.75,37252.0,136358.0,1256677.0
2014-01-10,427.25,447.75,421.75,447.5,55278.0,144505.0,1273151.0
2014-01-13,446.75,450.0,445.0,449.25,87231.0,146184.0,1285967.0
2014-01-14,448.5,448.5,441.75,446.25,51226.0,145645.0,1279985.0
2014-01-15,445.5,446.0,440.0,440.5,35454.0,146798.0,1280201.0
2014-01-16,440.0,444.25,438.75,441.75,25759.0,152629.0,1295623.0
2014-01-17,440.75,441.5,436.5,438.5,42999.0,153828.0,1299145.0
2014-01-20,440.75,441.5,436.5,438.5,0.0,0.0,0.0
2014-01-21,438.25,439.0,434.75,438.5,16633.0,153465.0,1302398.0
2014-01-22,438.0,441.25,437.75,439.0,36468.0,156260.0,1310544.0
2014-01-23,438.25,442.75,438.25,441.25,35493.0,163935.0,1310820.0
2014-01-24,440.0,442.0,437.75,441.5,41383.0,166479.0,1326067.0
2014-01-27,441.0,444.5,439.0,444.0,50143.0,170631.0,1317996.0
2014-01-28,443.0,444.5,442.25,443.25,23299.0,174837.0,1315703.0
2014-01-29,442.5,443.0,438.25,439.25,43582.0,172835.0,1315853.0
2014-01-30,439.0,445.5,439.0,443.5,35087.0,171598.0,1311288.0
2014-01-31,442.5,444.75,441.0,444.0,51681.0,175114.0,1310580.0
2014-02-03,443.5,449.75,443.25,446.75,45091.0,178061.0,1304900.0
2014-02-04,446.5,453.0,445.75,452.75,50730.0,183962.0,1310531.0
2014-02-05,452.0,453.0,449.75,452.25,40477.0,187422.0,1319044.0
2014-02-06,451.75,456.25,450.75,453.5,46947.0,191430.0,1311904.0
2014-02-07,453.0,456.0,451.0,455.5,61705.0,200849.0,1319105.0
2014-02-10,454.25,460.0,451.0,454.75,60120.0,215219.0,1327535.0
2014-02-11,454.5,456.0,448.75,452.5,92886.0,234558.0,1344989.0
2014-02-12,451.75,455.75,450.0,451.5,57394.0,238248.0,1346959.0
2014-02-13,451.0,453.25,449.25,451.0,56959.0,243678.0,1364148.0
2014-02-14,450.75,455.5,448.25,455.0,60507.0,242101.0,1370941.0
2014-02-17,450.75,455.5,448.25,455.0,0.0,0.0,0.0
2014-02-18,454.5,460.25,454.25,460.0,45471.0,248504.0,1380506.0
2014-02-19,459.25,465.5,458.75,464.75,35429.0,251959.0,1385213.0
2014-02-20,464.0,467.25,462.25,466.75,52803.0,254286.0,1392500.0
2014-02-21,466.0,467.5,460.0,462.75,55545.0,256401.0,1399061.0
2014-02-24,461.5,462.75,456.5,462.25,49660.0,261200.0,1373131.0
2014-02-25,461.0,466.0,458.25,465.25,46337.0,261555.0,1361411.0
2014-02-26,464.25,468.75,462.75,464.75,35198.0,261436.0,1343280.0
2014-02-27,464.0,466.75,457.25,458.5,44356.0,263898.0,1329486.0
2014-02-28,458.25,468.5,457.25,467.5,51071.0,258257.0,1276128.0
2014-03-03,468.25,486.0,468.25,474.75,55543.0,259446.0,1269309.0
2014-03-04,474.0,488.75,470.0,488.25,119514.0,258881.0,1288382.0
2014-03-05,486.75,492.25,483.5,486.25,76079.0,258220.0,1300944.0
2014-03-06,484.75,496.25,483.0,495.25,98336.0,252173.0,1290741.0
2014-03-07,494.0,506.0,488.5,493.0,71606.0,253634.0,1306887.0
2014-03-10,490.5,491.75,480.0,482.25,91175.0,253301.0,1307353.0
2014-03-11,481.0,488.75,477.25,487.0,62187.0,249243.0,1306017.0
2014-03-12,486.5,492.75,480.5,492.0,62171.0,247970.0,1315004.0
2014-03-13,490.5,496.75,486.5,489.0,62674.0,242918.0,1322688.0
2014-03-14,487.75,492.75,483.0,490.5,50945.0,243086.0,1318576.0
2014-03-17,489.0,491.75,481.25,484.0,45876.0,240224.0,1317264.0
2014-03-18,483.5,491.5,482.25,491.0,31837.0,244643.0,1322454.0
2014-03-19,490.5,496.0,487.0,492.75,36461.0,247031.0,1328077.0
2014-03-20,492.0,492.0,482.75,483.5,43893.0,246106.0,1327403.0
2014-03-21,483.5,485.75,481.0,483.75,37456.0,246102.0,1322458.0
2014-03-24,484.25,495.25,482.75,494.5,39047.0,250787.0,1319514.0
2014-03-25,493.5,494.5,489.25,491.25,45012.0,254099.0,1328823.0
2014-03-26,490.5,492.25,487.0,489.25,35980.0,254178.0,1330028.0
2014-03-27,488.5,496.75,486.75,496.25,34253.0,256833.0,1325688.0
2014-03-28,495.5,500.0,493.5,496.25,68175.0,262428.0,1335708.0
2014-03-31,494.0,508.25,480.25,506.75,61973.0,269139.0,1339568.0
2014-04-01,506.25,517.0,506.0,512.5,138701.0,276944.0,1341949.0
2014-04-02,511.5,512.5,495.75,501.0,108105.0,290294.0,1362869.0
2014-04-03,502.0,506.0,499.25,505.25,98435.0,300863.0,1371406.0
2014-04-04,504.0,508.0,498.5,507.5,76573.0,313521.0,1386811.0
2014-04-07,506.0,508.0,500.25,505.25,72228.0,322603.0,1392020.0
2014-04-08,504.5,513.5,502.25,513.0,125863.0,345036.0,1389196.0
2014-04-09,512.0,524.25,505.75,508.0,97252.0,365271.0,1397216.0
2014-04-10,507.5,509.0,499.75,507.25,231823.0,393110.0,1404956.0
2014-04-11,505.0,511.0,503.75,504.5,133956.0,419288.0,1416059.0
2014-04-14,504.0,513.0,503.5,509.25,127881.0,457050.0,1418242.0
2014-04-15,509.0,512.75,503.5,509.75,91088.0,473689.0,1422165.0
2014-04-17,503.5,507.0,498.75,500.5,113521.0,503158.0,1408317.0
2014-04-18,503.5,507.0,498.75,500.5,0.0,0.0,0.0
2014-04-21,499.0,499.25,490.75,493.75,107743.0,521275.0,1411560.0
2014-04-22,494.25,506.0,492.75,502.0,125146.0,528723.0,1400995.0
2014-04-23,501.75,510.0,500.25,509.5,186658.0,552866.0,1392699.0
2014-04-24,508.25,513.5,505.5,507.25,131287.0,581996.0,1415508.0
2014-04-25,507.0,516.75,506.75,512.75,145313.0,591572.0,1408749.0
2014-04-28,512.25,518.5,511.25,513.75,124581.0,604455.0,1393257.0
2014-04-29,514.5,522.0,514.25,521.5,158647.0,613304.0,1369917.0
2014-04-30,520.75,521.5,514.5,519.0,158522.0,627404.0,1364430.0
2014-05-01,518.0,521.0,504.5,507.0,112742.0,626416.0,1357554.0
2014-05-02,507.0,509.75,497.75,499.5,151051.0,621046.0,1352003.0
2014-05-05,499.0,509.5,497.5,508.0,125005.0,617119.0,1346929.0
2014-05-06,507.25,519.0,502.0,517.5,109905.0,609556.0,1343314.0
2014-05-07,516.25,519.0,510.25,514.0,118389.0,614090.0,1350560.0
2014-05-08,513.75,517.0,508.0,516.5,115711.0,607683.0,1346757.0
2014-05-09,515.5,522.75,505.75,507.5,106988.0,599650.0,1344275.0
2014-05-12,505.25,506.25,498.5,499.5,219709.0,598402.0,1345068.0
2014-05-13,499.0,503.5,497.5,502.75,98611.0,591991.0,1338533.0
2014-05-14,502.0,504.5,495.25,495.5,95487.0,593499.0,1342203.0
2014-05-15,495.5,497.25,481.75,484.25,105785.0,592952.0,1351135.0
2014-05-16,484.5,487.0,480.25,483.5,138763.0,586279.0,1342330.0
2014-05-19,481.75,482.5,476.25,477.25,92663.0,576556.0,1329482.0
2014-05-20,477.75,481.25,473.0,473.5,119746.0,563930.0,1318201.0
2014-05-21,473.5,476.0,472.5,474.5,113173.0,560287.0,1322910.0
2014-05-22,474.5,482.5,472.5,476.75,96480.0,555632.0,1322489.0
2014-05-23,477.5,480.5,475.5,478.0,110931.0,550233.0,1327566.0
2014-05-26,477.5,480.5,475.5,478.0,0.0,0.0,0.0
2014-05-27,474.5,475.0,469.25,469.75,85635.0,544338.0,1332858.0
2014-05-28,469.75,473.0,466.5,472.5,101114.0,538168.0,1332709.0
2014-05-29,472.5,472.75,467.25,469.5,102756.0,530113.0,1337253.0
2014-05-30,469.75,473.5,465.0,465.75,131247.0,519827.0,1347311.0
2014-06-02,465.0,470.5,460.25,465.5,128747.0,507311.0,1342511.0
2014-06-03,463.25,465.0,456.0,458.25,160531.0,492381.0,1347846.0
2014-06-04,458.5,460.5,454.25,456.25,118131.0,488865.0,1357565.0
2014-06-05,457.0,458.0,448.5,449.0,93357.0,473752.0,1360144.0
2014-06-06,449.0,459.75,447.0,459.0,113818.0,459758.0,1368459.0
2014-06-09,457.0,457.5,445.5,451.0,163777.0,449067.0,1383208.0
2014-06-10,450.5,455.0,444.75,445.5,158202.0,424058.0,1386663.0
2014-06-11,445.5,449.75,439.25,441.0,142517.0,403399.0,1397425.0
2014-06-12,440.5,445.0,439.5,444.0,185493.0,372849.0,1406458.0
2014-06-13,444.0,449.75,443.75,447.0,157865.0,353091.0,1413249.0
2014-06-16,444.25,449.5,440.25,441.0,127960.0,329725.0,1416575.0
2014-06-17,440.75,441.5,435.5,438.75,128964.0,301442.0,1416959.0
2014-06-18,438.5,443.75,438.5,441.5,109891.0,279280.0,1406179.0
2014-06-19,441.0,450.75,441.0,450.5,95337.0,258381.0,1399007.0
2014-06-20,449.75,453.75,446.25,453.25,117242.0,231544.0,1396970.0
2014-06-23,452.5,457.75,444.0,444.5,112310.0,193279.0,1365438.0
2014-06-24,444.75,445.0,439.5,443.0,113223.0,165944.0,1367726.0
2014-06-25,443.0,443.0,440.0,441.0,108660.0,141905.0,1362699.0
2014-06-26,441.5,446.0,440.75,442.75,135829.0,101760.0,1336578.0
2014-06-27,442.25,444.5,440.0,443.0,121751.0,66673.0,1319614.0
2014-06-30,442.25,443.75,422.5,424.25,111681.0,24876.0,1287360.0
2014-07-01,423.75,423.75,416.0,422.75,32988.0,16307.0,1288682.0
2014-07-02,423.0,423.25,416.25,418.5,9735.0,13373.0,1281646.0
2014-07-03,418.75,420.25,416.25,417.0,6362.0,10512.0,1286835.0
2014-07-04,418.75,420.25,416.25,417.0,0.0,0.0,0.0
2014-07-07,412.25,413.25,405.5,409.25,3041.0,9355.0,1289324.0
2014-07-08,410.5,411.0,407.25,408.25,2821.0,8074.0,1298083.0
2014-07-09,408.75,408.75,400.75,404.0,3811.0,5778.0,1306608.0
2014-07-10,404.0,406.0,399.25,400.5,3041.0,3708.0,1310910.0
2014-07-11,400.5,403.5,394.0,399.75,2865.0,1689.0,1310511.0
2014-07-14,397.75,408.75,390.0,390.25,1990.0,421.0,1321611.0
